1639657440,170464993,0.604094,-0.992518,0.200152
1639657440,170464993,0.604094,-0.992518,0.200152
1639657440,220468998,0.604094,-0.992518,0.200152
1639657440,280467033,0.604094,-0.992518,0.200152
1639657440,330462456,0.604094,-0.992518,0.200152
1639657440,370475292,0.604094,-0.992518,0.200152
1639657440,420465708,0.604094,-0.992518,0.200152
1639657440,460469723,0.604094,-0.992518,0.200152
1639657440,520462990,0.604094,-0.992518,0.200152
1639657440,560471296,0.604094,-0.992518,0.200152
1639657440,620469093,0.604094,-0.992518,0.200152
1639657440,670463324,0.604094,-0.992518,0.200152
1639657440,710481405,0.604094,-0.992518,0.200152
1639657440,770475626,0.604094,-0.992518,0.200152
1639657440,830466747,0.604094,-0.992518,0.200152
1639657440,880470514,0.604094,-0.992518,0.200152
1639657440,920474052,0.604101,-0.992514,0.200151
1639657440,970482588,0.604120,-0.992541,0.200198
1639657441,20468712,0.604150,-0.992656,0.200511
1639657441,70465088,0.604277,-0.992844,0.201038
1639657441,120511770,0.604519,-0.992968,0.201726
1639657441,170467854,0.604876,-0.993034,0.202582
1639657441,220485926,0.605355,-0.992978,0.203548
1639657441,280470371,0.606012,-0.992858,0.204682
1639657441,330471992,0.606647,-0.992676,0.205609
1639657441,380471945,0.607334,-0.992434,0.206463
1639657441,430470943,0.608059,-0.992139,0.207286
1639657441,460466146,0.608486,-0.991959,0.207770
1639657441,520467043,0.609336,-0.991619,0.208778
1639657441,570468426,0.610023,-0.991281,0.209584
1639657441,620469093,0.610725,-0.990724,0.210427
1639657441,680499077,0.611563,-0.989755,0.211366
1639657441,710470200,0.611984,-0.989137,0.211823
1639657441,780487061,0.612955,-0.987343,0.212765
1639657441,810470819,0.613341,-0.986489,0.213170
1639657441,870464563,0.614136,-0.984555,0.213989
1639657441,920466423,0.614778,-0.982799,0.214731
1639657441,960469961,0.615243,-0.981314,0.215297
1639657442,20462275,0.615912,-0.978903,0.216165
1639657442,70468187,0.616388,-0.976729,0.216935
1639657442,120460987,0.616809,-0.974281,0.217664
1639657442,170469522,0.617138,-0.971532,0.218220
1639657442,220468998,0.617341,-0.968574,0.218592
1639657442,270470381,0.617437,-0.965235,0.218608
1639657442,320467710,0.617444,-0.961457,0.218321
1639657442,370472908,0.617407,-0.957153,0.217853
1639657442,420467377,0.617275,-0.952167,0.217284
1639657442,480461836,0.617145,-0.945029,0.216572
1639657442,520478249,0.617072,-0.939327,0.216095
1639657442,580467463,0.617037,-0.928684,0.215416
1639657442,630462170,0.617151,-0.917398,0.214936
1639657442,680461407,0.617432,-0.903511,0.214486
1639657442,720494747,0.617815,-0.890532,0.214124
1639657442,780465126,0.618678,-0.867772,0.213496
1639657442,820473909,0.619423,-0.850493,0.213024
1639657442,880468607,0.620591,-0.821998,0.212214
1639657442,930470943,0.621557,-0.796223,0.211380
1639657442,980468512,0.622411,-0.769054,0.210457
1639657443,30467510,0.623106,-0.740679,0.209483
1639657443,80471277,0.623606,-0.711568,0.208589
1639657443,130468369,0.623772,-0.682091,0.207934
1639657443,170485497,0.623610,-0.658633,0.207665
1639657443,230466843,0.622804,-0.624401,0.207740
1639657443,280467510,0.621602,-0.597618,0.208293
1639657443,330465317,0.619974,-0.572708,0.209231
1639657443,370470762,0.618458,-0.554340,0.210140
1639657443,420467615,0.616868,-0.537918,0.211106
1639657443,460482597,0.616369,-0.532864,0.211420
1639657443,510474443,0.615846,-0.527438,0.211736
1639657443,570460796,0.615243,-0.521299,0.212068
1639657443,620466948,0.614640,-0.515442,0.212308
1639657443,680473804,0.613564,-0.505322,0.212482
1639657443,730470657,0.612401,-0.495078,0.212497
1639657443,760474205,0.611650,-0.488966,0.212476
1639657443,830475330,0.609933,-0.474982,0.212336
1639657443,860468626,0.609305,-0.469321,0.212281
1639657443,920463085,0.608325,-0.459167,0.212227
1639657443,970470905,0.608193,-0.454234,0.212152
1639657444,10498762,0.608911,-0.452740,0.212280
1639657444,70467472,0.610606,-0.452314,0.212543
1639657444,120466232,0.612300,-0.452821,0.212822
1639657444,180477619,0.614405,-0.453624,0.213516
1639657444,230470181,0.616069,-0.454203,0.214247
1639657444,260470867,0.616938,-0.454892,0.214550
1639657444,320467710,0.618524,-0.455527,0.214960
1639657444,380496025,0.619905,-0.456224,0.215139
1639657444,430493593,0.620953,-0.456774,0.215314
1639657444,480477810,0.622018,-0.456740,0.215691
1639657444,510469437,0.622627,-0.456582,0.215870
1639657444,570467949,0.623938,-0.455840,0.216424
1639657444,630469322,0.625232,-0.454966,0.216900
1639657444,680469036,0.626325,-0.454119,0.217337
1639657444,720471621,0.627202,-0.453349,0.217626
1639657444,780467987,0.628537,-0.451757,0.218308
1639657444,820469618,0.629341,-0.451076,0.218717
1639657444,880479813,0.630379,-0.450449,0.219049
1639657444,930472136,0.631112,-0.450196,0.219156
1639657444,980479717,0.631762,-0.450029,0.219293
1639657445,10468245,0.632120,-0.449882,0.219380
1639657445,80471754,0.632936,-0.449490,0.219673
1639657445,110467672,0.633253,-0.449414,0.219794
1639657445,170468330,0.633841,-0.449403,0.220058
1639657445,220471621,0.634288,-0.449424,0.220215
1639657445,280469894,0.634833,-0.449285,0.220415
1639657445,330468655,0.635290,-0.448975,0.220526
1639657445,380469561,0.635792,-0.448584,0.220738
1639657445,430469751,0.636307,-0.448283,0.221006
1639657445,470471144,0.637919,-0.450464,0.222440
1639657445,530493259,0.640310,-0.454268,0.224544
1639657445,560476780,0.641125,-0.455463,0.225283
1639657445,610469103,0.642085,-0.456671,0.226103
1639657445,670497179,0.642804,-0.457568,0.226678
1639657445,720469475,0.642970,-0.457608,0.226841
1639657445,760472536,0.642970,-0.457608,0.226841
1639657445,820460320,0.642970,-0.457608,0.226841
1639657445,870460510,0.642970,-0.457608,0.226841
1639657445,920459747,0.642970,-0.457608,0.226841
1639657445,980468988,0.642970,-0.457608,0.226841
1639657446,30473232,0.642970,-0.457608,0.226841
1639657446,60471058,0.642970,-0.457608,0.226841
1639657446,110471010,0.642970,-0.457608,0.226841
1639657446,170470476,0.642970,-0.457608,0.226841
1639657446,220459700,0.642970,-0.457608,0.226841
1639657446,270460606,0.642970,-0.457608,0.226841
1639657446,320474863,0.642970,-0.457608,0.226841
1639657446,370468378,0.642970,-0.457608,0.226841
1639657446,430472136,0.642970,-0.457608,0.226841
1639657446,480470657,0.642970,-0.457608,0.226841
1639657446,510471821,0.642970,-0.457608,0.226841
1639657446,570466042,0.642970,-0.457608,0.226841
1639657446,620480776,0.642970,-0.457608,0.226841
1639657446,680470943,0.642970,-0.457608,0.226841
1639657446,710461140,0.642970,-0.457608,0.226841
1639657446,780468941,0.642970,-0.457608,0.226841
1639657446,830459833,0.642970,-0.457608,0.226841
1639657446,870465994,0.642970,-0.457608,0.226841
1639657446,930466413,0.642970,-0.457608,0.226841
1639657446,980467319,0.642970,-0.457608,0.226841
1639657447,30460596,0.642970,-0.457608,0.226841
1639657447,80464125,0.642970,-0.457608,0.226841
1639657447,120470285,0.642970,-0.457608,0.226841
1639657447,180493593,0.642970,-0.457608,0.226841
1639657447,230485201,0.642970,-0.457608,0.226841
1639657447,280488968,0.642970,-0.457608,0.226841
1639657447,330469847,0.642970,-0.457608,0.226841
1639657447,380467653,0.642970,-0.457608,0.226841
1639657447,420485973,0.642970,-0.457608,0.226841
1639657447,480466127,0.642970,-0.457608,0.226841
1639657447,510469198,0.642970,-0.457608,0.226841
1639657447,560490608,0.642970,-0.457608,0.226841
1639657447,610473633,0.642970,-0.457608,0.226841
1639657447,670468807,0.642970,-0.457608,0.226841
1639657447,730460882,0.642970,-0.457608,0.226841
1639657447,780471563,0.642970,-0.457608,0.226841
1639657447,810470104,0.642970,-0.457608,0.226841
1639657447,860468864,0.642970,-0.457608,0.226841
1639657447,920466900,0.642970,-0.457608,0.226841
1639657447,960472345,0.642970,-0.457608,0.226841
